/*
* [00][01][02][03][04][05][06]
* [07][08][09][10][11][12][13]
* [14][15][16][17][18][19][20]
* [21][22][23][24][25][26][27]
* [28][29][30][31][32][33][34]
* [35][36][37][38][39][40][41]
* [42][43][44][45][46][47][48]
*/
const squares: [number, number][] = [
  [0, 0], [0, 1], [0, 2], [0, 3], [0, 4], [0, 5], [0, 6],
  [1, 0], [1, 1], [1, 2], [1, 3], [1, 4], [1, 5], [1, 6],
  [2, 0], [2, 1], [2, 2], [2, 3], [2, 4], [2, 5], [2, 6],
  [3, 0], [3, 1], [3, 2], [3, 3], [3, 4], [3, 5], [3, 6],
  [4, 0], [4, 1], [4, 2], [4, 3], [4, 4], [4, 5], [4, 6],
  [5, 0], [5, 1], [5, 2], [5, 3], [5, 4], [5, 5], [5, 6],
  [6, 0], [6, 1], [6, 2], [6, 3], [6, 4], [6, 5], [6, 6],
]
const lines = [
  // Horizontal Lines
  [0, 1, 2, 3, 4, 5, 6],
  [7, 8, 9, 10, 11, 12, 13],
  [14, 15, 16, 17, 18, 19, 20],
  [21, 22, 23, 24, 25, 26, 27],
  [28, 29, 30, 31, 32, 33, 34],
  [35, 36, 37, 38, 39, 40, 41],
  [42, 43, 44, 45, 46, 47, 48],

  // Vertical Lines
  [0, 7, 14, 21, 28, 35, 42],
  [1, 8, 15, 22, 29, 36, 43],
  [2, 9, 16, 23, 30, 37, 44],
  [3, 10, 17, 24, 31, 38, 45],
  [4, 11, 18, 25, 32, 39, 46],
  [5, 12, 19, 26, 33, 40, 47],
  [6, 13, 20, 27, 34, 41, 48],

  // Diagonal Lines
  [0, 8, 16, 24, 32, 40, 48],
  [6, 12, 18, 24, 30, 36, 42]
]

export const board = { squares, lines }
export const board_nolines = { squares, lines: [] }